Matriz 1
8 0 0 3 6 5 0 0 8 2 0 2 5 3 2 9 3 2 7 4 5 9 1 5 9 4 0 3 9 5 9 4 8 8 4 1 6 7 1 0 
1 5 2 0 4 3 4 9 3 9 4 9 3 9 0 8 5 4 3 9 2 3 1 2 4 6 7 1 6 7 3 8 2 8 0 5 1 5 5 0 
1 1 7 1 7 2 8 9 8 8 6 4 3 3 9 1 7 3 6 9 6 6 5 9 7 5 4 5 1 0 7 4 4 0 3 8 5 8 4 7 
8 8 4 2 4 9 5 7 3 4 1 0 1 1 0 7 3 3 3 4 1 3 8 9 2 2 0 3 5 6 3 7 5 5 2 8 4 2 3 8 
9 0 4 4 0 8 8 1 1 4 7 7 5 8 5 6 8 7 5 4 3 1 3 0 3 0 1 6 1 9 2 4 9 4 6 1 5 5 9 6 
4 4 6 5 6 5 5 2 4 0 8 3 8 4 8 1 9 1 8 2 6 7 0 9 8 8 6 4 2 3 3 7 4 9 0 0 2 3 9 2 
5 8 1 8 4 9 0 3 7 8 5 7 8 5 6 6 7 5 0 7 0 6 4 8 2 3 7 1 5 6 6 5 1 7 7 8 4 0 5 6 
7 1 5 5 2 4 6 6 2 2 1 2 6 8 5 4 6 3 1 4 2 5 0 9 7 7 3 8 5 6 3 6 8 5 0 6 1 3 8 9 
7 8 7 3 5 3 1 2 3 3 2 6 6 9 5 3 6 4 1 8 0 7 5 5 2 3 1 1 2 3 1 1 0 3 6 0 7 1 0 4 
8 8 9 8 2 2 1 4 2 5 3 8 4 4 1 8 7 0 8 4 3 8 4 8 4 1 3 1 4 4 7 8 1 7 0 4 3 9 9 8 
8 6 4 3 4 7 5 1 5 2 3 0 2 5 1 8 6 3 3 0 8 2 2 6 3 4 6 4 5 2 5 8 7 3 2 2 2 0 0 5 
4 3 7 0 9 4 7 0 0 8 9 6 7 0 4 5 1 0 8 5 5 5 6 0 9 2 1 5 7 8 7 2 3 8 5 0 7 5 1 3 
7 4 6 9 9 8 2 4 5 7 9 3 5 2 9 3 3 6 2 4 4 8 5 2 9 2 0 9 7 9 0 6 2 2 2 8 3 7 4 0 
2 4 0 2 8 7 6 2 0 5 7 0 3 2 8 3 9 5 5 1 1 5 6 7 6 0 1 6 2 4 5 3 9 4 9 3 7 1 7 1 
7 0 6 5 9 8 1 9 5 9 4 9 0 7 6 6 4 4 6 8 1 3 2 5 2 5 9 0 1 1 3 3 5 8 1 0 5 7 1 0 
1 4 3 3 8 6 4 9 1 2 5 7 1 3 3 0 0 8 2 4 9 4 4 5 4 2 3 5 8 9 3 0 7 2 5 4 0 1 8 2 
6 5 7 6 2 0 8 4 3 1 5 6 8 0 7 2 0 5 3 5 1 6 0 1 8 6 0 1 4 9 7 5 4 9 6 4 4 2 4 1 
8 9 4 0 4 2 5 3 9 9 0 6 8 0 5 8 5 5 9 2 0 9 1 7 0 0 5 5 0 0 1 1 7 0 5 6 6 4 3 4 
3 4 5 5 8 3 6 1 4 7 6 0 3 4 8 0 4 3 7 9 7 9 9 1 4 8 4 4 3 3 8 7 1 6 3 6 0 6 8 7 
8 4 6 1 9 6 4 4 6 6 0 4 9 2 1 9 8 5 4 7 5 2 9 6 2 9 8 7 5 7 2 0 4 7 6 3 0 2 7 9 
5 7 5 3 5 1 0 0 0 5 7 1 6 2 6 6 4 6 0 2 3 5 0 9 8 1 3 6 8 7 1 7 1 7 3 0 8 1 7 0 
7 1 4 4 5 8 8 6 8 6 8 2 7 4 9 0 6 1 9 4 0 7 9 4 1 4 0 8 4 2 2 4 6 3 4 5 4 6 9 3 
3 4 6 2 0 8 9 4 9 2 9 9 2 6 8 6 9 8 9 0 8 5 2 4 9 6 6 1 2 2 2 9 2 1 1 5 3 1 3 6 
4 1 9 2 6 8 6 4 8 5 0 3 1 0 9 9 2 9 6 6 6 5 6 6 8 6 1 5 3 1 3 2 2 0 4 4 8 7 1 1 
6 0 9 5 3 0 7 6 6 0 7 5 8 2 0 0 3 6 8 8 8 9 4 4 6 5 3 3 7 0 0 5 5 9 3 6 7 8 7 4 
2 9 4 9 9 0 4 5 0 5 3 7 2 6 2 5 4 2 8 2 4 8 3 1 0 8 0 8 5 4 9 6 5 4 3 4 4 8 0 2 
8 9 2 3 6 8 8 8 4 8 2 7 6 5 5 2 1 3 2 2 7 3 7 8 7 3 0 7 8 8 1 8 7 8 2 0 3 5 9 7 
4 9 3 7 0 6 9 8 1 8 8 5 3 5 9 3 4 2 1 2 7 9 6 5 3 3 3 6 2 1 7 7 0 3 1 9 6 6 8 2 
4 8 8 6 7 5 6 9 4 4 2 3 4 4 3 7 7 7 1 8 4 6 0 1 2 1 1 4 7 0 7 0 6 2 2 9 8 9 7 4 
8 5 3 7 1 3 9 5 2 5 2 2 6 2 7 6 7 9 4 2 7 6 8 4 3 6 9 9 5 0 3 1 1 0 8 3 0 6 3 3 
1 6 1 8 1 0 9 7 4 8 5 2 3 8 1 5 4 6 0 5 7 0 0 2 8 1 2 0 4 5 5 1 7 6 7 2 0 6 3 5 
8 6 3 9 1 6 0 7 0 6 8 4 5 1 0 1 6 3 0 9 2 0 6 9 5 4 7 6 3 3 5 6 6 0 7 0 7 5 9 2 
3 2 9 7 5 9 8 3 0 1 7 0 3 1 1 9 4 8 9 9 7 6 6 1 6 5 5 1 2 5 7 1 7 6 8 6 6 4 5 1 
0 5 4 8 0 4 1 1 7 8 7 2 8 0 4 6 1 3 2 6 8 5 7 9 8 2 3 3 5 8 8 7 1 7 4 0 7 4 6 4 
5 4 5 4 3 4 2 4 3 0 9 4 0 5 9 3 8 5 7 8 7 5 5 4 4 9 9 4 9 0 1 4 5 6 4 5 8 2 3 5 
4 5 2 8 3 3 6 7 0 5 0 9 5 7 9 1 9 1 8 9 2 7 2 1 1 2 9 6 2 8 8 9 7 5 2 8 8 2 3 7 
3 1 3 2 3 9 1 1 1 6 2 7 4 4 8 6 5 4 7 7 0 4 9 2 4 5 6 0 5 0 9 4 4 6 9 5 3 5 8 4 
9 3 3 6 9 3 5 6 1 4 7 4 3 3 9 8 9 7 7 3 4 5 8 0 5 6 9 3 4 6 7 5 8 1 9 1 4 4 0 6 
4 0 5 7 3 5 8 3 6 3 2 1 3 2 4 4 1 5 0 7 5 0 5 5 0 0 5 2 9 6 4 7 7 3 4 4 6 9 9 5 
3 4 9 0 2 6 9 4 5 7 3 3 1 2 8 1 5 3 4 7 3 4 9 3 0 8 6 4 7 9 7 1 1 9 8 4 1 6 1 9 

Matriz 2
0 0 6 9 7 3 0 7 0 2 3 9 0 7 1 0 9 5 6 4 9 5 9 0 7 2 6 7 6 1 6 3 6 5 5 9 0 8 2 1 
4 1 8 1 7 4 7 4 9 0 1 1 6 5 9 1 3 7 5 7 4 8 4 6 4 0 8 0 2 7 7 8 5 5 7 4 8 4 7 9 
9 8 3 3 0 1 3 2 7 0 3 9 9 0 6 2 3 4 6 5 2 6 8 5 9 4 9 9 9 2 1 4 7 2 1 2 4 2 9 2 
2 2 3 7 4 3 3 2 9 8 4 6 1 5 8 1 7 7 7 7 3 7 0 1 5 5 4 1 4 6 6 6 2 8 9 3 1 4 3 5 
0 1 4 0 0 3 7 6 6 3 4 3 1 1 6 6 9 2 1 5 4 4 4 5 6 0 9 8 4 8 8 0 3 4 1 1 4 9 7 2 
6 7 0 7 7 0 1 6 7 0 3 5 9 7 2 4 5 5 9 6 9 3 9 6 1 8 1 4 0 1 6 2 1 2 3 8 7 4 4 7 
0 1 2 6 3 9 6 6 2 9 8 9 0 7 7 1 6 1 5 5 8 2 0 4 6 0 3 7 7 2 4 4 2 1 6 8 5 0 1 9 
0 6 5 0 1 0 0 9 3 2 1 7 4 3 4 5 6 3 9 5 8 0 2 5 2 9 9 1 6 1 0 1 9 1 1 3 4 4 3 7 
6 2 7 2 1 0 1 2 9 3 0 5 0 6 8 2 2 3 9 6 3 3 1 0 9 6 2 7 1 9 8 8 7 1 3 8 7 4 7 2 
7 9 9 3 3 6 5 4 9 0 5 0 2 4 0 9 6 9 0 2 9 4 4 9 6 9 2 0 7 7 5 6 0 1 2 3 4 7 0 5 
0 3 7 8 0 3 5 8 9 5 8 6 9 3 4 9 4 0 8 9 7 5 4 9 8 8 6 8 9 9 2 3 3 2 5 2 4 6 6 5 
1 0 7 5 4 4 4 6 3 4 0 3 6 7 7 8 8 8 1 9 1 2 5 8 9 0 8 8 7 1 3 8 2 1 4 1 6 5 8 2 
5 8 2 5 7 6 0 5 3 0 9 6 1 9 5 8 0 9 7 1 2 6 4 0 1 0 6 8 3 8 2 3 4 4 8 8 8 0 9 4 
4 2 5 9 1 9 5 8 7 2 5 2 7 7 4 2 0 9 9 4 0 7 7 6 4 4 2 4 1 0 9 4 0 7 7 2 8 3 1 4 
1 9 8 8 1 5 3 0 5 7 2 2 3 0 1 3 6 0 0 8 9 4 4 8 6 8 6 1 0 9 7 7 9 2 6 3 5 0 4 5 
5 2 6 7 5 1 1 0 9 2 4 3 7 2 3 6 6 5 4 3 1 3 5 7 7 2 9 4 0 4 1 5 1 1 7 6 1 4 7 3 
6 0 2 6 7 7 2 7 6 0 7 5 8 9 4 3 9 7 4 7 7 2 0 5 2 4 4 0 1 1 3 9 2 7 4 8 2 6 3 3 
9 0 0 8 2 3 7 0 4 6 6 4 0 3 4 5 9 1 6 5 4 7 4 2 9 0 8 5 7 6 8 9 7 9 2 7 7 9 4 3 
6 0 1 5 6 2 7 6 1 1 3 2 4 6 8 3 6 1 1 5 2 5 0 5 8 0 8 7 8 3 5 5 2 8 5 0 5 9 9 2 
7 4 8 1 6 9 3 5 3 1 4 0 2 7 1 1 3 4 8 3 4 9 9 7 4 4 3 8 1 8 9 0 7 8 6 3 8 2 0 1 
0 3 4 2 1 7 3 4 9 8 8 0 3 5 3 1 6 9 0 6 5 3 7 0 4 6 2 1 8 4 5 7 3 4 1 8 7 8 3 5 
1 2 7 2 3 9 5 2 5 4 8 6 6 4 5 8 1 2 7 6 2 0 6 8 0 2 8 8 5 5 2 0 5 7 9 6 3 3 1 2 
7 4 5 2 4 4 2 5 7 3 7 3 7 1 2 4 2 7 2 1 8 7 0 1 8 8 5 8 0 3 0 3 9 4 3 1 1 5 5 2 
4 2 4 3 4 0 7 1 7 9 0 5 4 4 8 5 0 3 2 5 7 5 9 5 1 8 9 5 5 5 0 7 2 9 9 2 9 4 3 9 
8 8 5 3 6 8 4 9 8 2 6 5 4 9 3 6 0 3 1 1 0 5 7 1 7 5 2 1 5 7 3 4 2 3 7 1 8 3 5 3 
2 5 2 1 1 9 8 0 4 5 2 2 7 9 2 4 4 9 3 9 5 9 6 3 6 6 7 2 4 9 9 3 0 3 7 7 4 7 9 3 
2 8 9 9 7 5 4 3 3 7 2 6 5 9 7 3 3 3 8 8 1 5 4 4 8 1 0 9 2 5 2 2 3 9 0 9 5 3 5 8 
0 6 8 1 5 3 6 6 6 3 8 2 2 5 4 3 3 9 9 4 8 6 7 8 3 2 0 6 3 2 7 3 9 3 5 8 9 4 1 4 
8 7 4 1 9 6 2 8 4 5 3 8 9 3 7 7 7 5 3 0 5 1 7 4 5 4 6 5 8 0 9 4 7 9 2 6 7 0 3 1 
7 1 1 0 9 9 3 5 9 4 6 2 4 5 8 7 3 0 8 5 5 6 2 0 1 7 9 5 3 2 8 0 0 5 5 8 9 1 0 7 
0 1 6 8 1 5 3 1 0 4 1 7 9 8 2 3 4 7 6 3 7 9 8 4 0 3 3 7 1 6 3 9 9 9 3 7 3 0 8 1 
8 2 8 8 5 6 9 7 5 7 0 8 2 8 8 1 9 9 5 1 5 2 7 6 7 5 0 3 7 5 5 1 2 6 0 1 0 4 6 4 
8 2 8 4 1 0 6 4 5 7 1 5 5 2 3 6 1 5 6 6 8 5 1 6 4 4 5 0 2 5 4 1 0 8 7 7 4 4 5 1 
8 7 8 8 5 0 5 8 0 5 4 5 6 5 3 4 4 7 3 5 0 9 8 7 9 8 7 3 3 1 7 0 1 5 5 5 7 7 6 4 
6 1 8 3 5 2 2 5 3 9 3 8 1 6 9 4 7 5 2 1 3 9 1 0 6 5 6 2 1 8 5 1 2 2 5 1 2 5 8 0 
6 6 1 3 0 6 8 1 5 6 3 0 1 1 2 3 6 3 9 1 2 8 6 4 6 4 1 7 4 3 9 9 0 5 4 4 7 3 5 7 
0 3 7 6 0 2 8 8 6 3 4 1 1 7 3 1 7 9 8 0 8 1 8 0 0 7 2 0 4 3 6 5 1 3 3 2 0 2 7 4 
9 6 3 8 8 9 0 1 2 2 1 0 0 1 9 9 1 2 5 6 8 9 1 1 6 2 2 3 8 4 4 8 4 5 6 3 9 3 6 6 
2 4 5 9 3 3 0 8 4 6 4 7 8 6 8 9 4 6 2 5 3 5 4 2 8 3 1 0 4 6 2 5 2 9 3 1 5 1 4 9 
5 8 6 0 7 7 3 8 0 1 4 9 4 2 8 3 8 4 4 7 3 2 0 6 2 3 3 7 7 7 3 2 4 7 8 1 0 2 9 1 

Resultado 2
768 567 850 768 712 721 624 757 816 627 616 726 688 875 779 750 724 831 793 684 758 817 861 632 793 679 832 730 651 746 858 673 574 861 828 820 837 683 822 534 
786 652 888 785 699 839 688 847 865 595 611 671 778 906 811 802 789 876 866 788 712 834 832 829 923 707 824 749 723 706 858 683 523 813 714 746 922 687 753 745 
802 824 1027 830 656 948 820 892 1002 771 759 841 775 938 942 853 906 900 958 953 1033 952 883 901 1002 881 904 937 892 1009 902 920 807 929 902 807 1007 773 961 825 
764 599 785 653 697 637 659 790 831 584 575 761 693 734 790 637 798 788 850 683 853 774 778 699 766 734 819 733 661 659 766 640 584 798 753 719 754 650 758 705 
784 602 866 969 756 796 632 937 876 677 779 835 752 919 860 787 889 876 920 855 902 872 754 748 926 714 810 761 740 724 855 731 559 854 857 827 847 699 797 712 
718 713 906 926 720 824 762 902 934 752 746 877 856 1013 946 800 796 892 848 976 826 893 888 812 953 767 906 803 802 889 838 755 610 948 903 828 956 751 926 816 
866 766 1052 936 839 853 759 901 1052 755 731 888 863 1038 970 866 960 1023 1038 926 894 1010 955 883 968 881 962 905 704 970 995 869 683 1001 955 900 976 764 952 839 
770 746 875 818 736 858 712 880 871 724 705 883 773 920 878 765 790 905 947 854 848 872 879 789 844 754 830 778 759 773 868 713 613 956 929 851 927 636 792 774 
604 492 764 622 574 661 558 686 751 447 573 620 608 730 687 559 662 752 733 663 641 725 717 623 683 577 799 684 532 660 719 585 557 678 732 586 682 573 691 513 
850 693 979 934 844 854 705 908 931 651 674 896 891 940 1034 838 897 987 901 910 825 936 900 847 983 741 967 874 886 805 799 870 673 1021 932 747 881 746 973 792 
635 513 769 722 617 626 631 703 815 609 567 741 678 796 738 536 749 803 768 718 742 700 748 644 753 609 697 670 615 650 732 643 507 766 679 793 692 653 740 608 
747 707 914 745 725 823 698 914 879 601 791 756 772 854 818 842 811 836 759 746 844 869 839 770 910 721 911 869 812 807 828 645 629 748 794 732 874 697 894 629 
844 801 940 847 768 900 758 909 1142 728 841 809 753 870 919 908 925 878 1005 886 989 950 928 825 1018 867 938 880 867 918 1024 811 755 872 891 861 1025 789 837 816 
676 567 849 791 614 658 707 826 879 700 712 741 711 801 776 758 791 764 753 732 905 803 707 734 778 736 801 638 602 793 761 679 556 813 786 699 780 675 762 694 
725 678 938 889 631 677 671 803 858 609 555 717 741 858 775 760 852 837 864 902 843 847 855 845 972 780 893 797 721 760 841 699 603 803 736 736 840 805 830 687 
626 570 750 604 583 678 618 787 847 708 639 696 707 714 807 763 751 703 762 774 770 760 724 662 795 674 836 704 713 691 786 623 605 799 664 706 898 646 679 694 
697 608 826 761 635 770 662 763 766 696 647 809 653 856 819 712 761 753 816 752 718 875 782 645 870 663 899 750 729 802 830 649 607 762 819 742 828 579 834 645 
681 564 888 728 649 633 668 672 819 563 595 698 564 784 841 718 775 772 812 770 794 744 684 738 835 547 857 778 675 797 739 785 602 757 812 769 788 690 838 667 
805 782 988 857 715 1007 795 873 940 757 811 824 823 931 912 808 898 931 884 923 919 1032 863 854 1030 811 857 926 825 997 975 787 759 993 879 803 930 781 920 763 
902 801 987 809 891 874 714 943 989 705 830 914 870 1015 979 881 959 1037 954 951 927 1038 895 815 1058 794 1036 993 769 926 960 778 740 980 920 996 1004 866 1003 784 
674 613 844 744 659 663 662 774 893 627 659 703 677 779 780 728 719 782 718 660 719 746 857 669 779 680 810 617 685 739 752 636 542 789 727 672 805 601 706 681 
768 750 946 891 712 809 710 947 943 712 788 878 781 907 915 853 871 893 974 897 1050 909 788 837 983 845 878 892 792 880 905 778 755 879 903 825 922 747 885 786 
789 679 898 954 694 870 804 893 1026 757 744 883 854 1013 951 760 954 870 919 999 854 810 840 852 1067 779 884 869 873 866 877 922 642 853 847 856 923 799 973 809 
783 696 830 760 613 736 700 689 956 659 669 703 657 795 787 716 843 789 819 784 904 841 857 704 946 756 876 799 742 841 860 825 722 740 780 779 879 736 871 676 
841 742 928 865 712 867 759 958 873 776 799 905 742 948 979 826 866 914 966 872 828 930 894 735 1057 752 927 937 978 852 895 767 715 969 882 814 964 784 960 732 
658 551 880 732 642 831 788 763 873 651 648 685 739 826 892 738 852 935 844 841 825 899 758 808 841 627 911 759 774 764 895 758 624 858 835 733 824 743 873 660 
879 818 1069 872 888 901 789 1105 1065 797 795 944 851 1013 1049 926 951 1077 939 943 1065 952 963 872 1031 910 996 832 915 879 993 805 741 962 955 902 1086 811 915 920 
651 759 997 942 666 906 775 875 1018 782 772 808 820 925 886 802 892 982 968 909 1009 901 907 882 921 855 821 781 830 853 859 909 724 871 882 820 922 693 830 934 
773 704 903 834 668 818 690 839 933 645 708 801 763 839 892 788 917 908 1021 844 915 903 866 796 888 692 889 792 793 816 925 883 741 923 841 850 926 683 882 770 
693 687 878 845 758 847 650 743 884 755 784 824 683 896 872 727 878 881 855 860 916 904 735 703 946 665 848 814 746 826 817 831 760 868 844 911 860 745 809 753 
713 569 799 710 609 754 567 756 822 648 633 692 599 778 783 677 698 757 756 719 698 816 605 621 800 663 718 560 670 736 760 689 493 747 765 696 817 599 672 662 
707 654 950 834 746 716 636 884 913 685 642 815 747 955 859 756 801 953 914 796 947 914 836 689 835 797 769 695 714 839 750 713 646 913 799 737 814 687 796 757 
860 677 872 919 716 821 761 853 970 774 828 859 852 942 890 794 909 863 982 874 878 1031 878 761 1010 777 963 897 792 881 901 757 648 955 880 876 906 802 961 751 
829 748 979 819 756 805 686 828 1044 732 744 792 786 936 914 826 760 955 861 782 853 928 888 710 887 888 846 775 756 941 814 788 670 897 867 781 924 661 885 769 
769 749 1000 886 712 851 811 917 947 785 733 822 878 947 880 735 944 922 932 954 898 921 919 855 1022 836 908 846 808 870 971 793 713 979 855 833 899 804 937 729 
771 734 1066 942 810 985 854 978 909 769 742 847 804 1067 965 758 1002 1029 1065 951 945 949 879 935 907 783 886 889 777 841 1004 816 697 1055 928 884 927 712 903 822 
821 713 913 905 719 769 638 795 783 662 625 775 838 887 793 799 845 891 772 776 811 938 814 781 950 740 806 798 628 826 819 750 633 893 787 702 805 682 923 637 
806 695 1049 959 808 922 787 936 995 810 813 947 847 992 959 851 1071 932 956 988 1028 987 805 848 1060 805 1048 921 814 970 946 810 772 986 915 929 840 880 1014 722 
781 658 831 815 683 735 592 771 828 754 606 800 634 771 887 702 806 793 872 723 870 823 737 609 870 723 703 740 723 746 824 702 625 882 715 763 819 559 755 721 
858 799 933 752 778 897 696 827 850 706 717 843 834 864 899 761 872 847 889 897 941 985 800 813 962 847 920 919 758 827 930 738 754 856 822 864 932 689 891 732 

